ma_GeV,BR
0.21191011235955057,1.4620036390149015e-09
0.2120449438202247,9.765415392560973e-10
0.21217977528089887,1.7677574671401566e-09
0.21231460674157304,1.3295704069887223e-09
0.21244943820224718,5.931928071561091e-10
0.21258426966292135,4.790847768206489e-10
0.2127191011235955,6.679474066932496e-10
0.21285393258426966,6.522783886743444e-10
0.21298876404494382,8.880831053642055e-10
0.213123595505618,8.36913189708724e-10
0.21325842696629213,8.36913189708724e-10
0.2133932584269663,8.36913189708724e-10
0.21352808988764044,5.330944040486605e-10
0.2136629213483146,8.469056916178774e-10
0.21379775280898877,8.36913189708724e-10
0.2139325842696629,4.4088964303372286e-10
0.21406741573033708,3.436231970980575e-10
0.21420224719101122,4.254670963315992e-10
0.2143370786516854,4.461537381082375e-10
0.21447191011235955,4.848049107675056e-10
0.21460674157303372,3.9154664330830465e-10
0.21474157303370786,3.86926848424998e-10
0.21487640449438203,6.146951603359654e-10
0.21501123595505617,4.905933414625686e-10
0.21514606741573034,3.5607902470698613e-10
0.2152808988764045,3.0156535269008936e-10
0.21541573033707864,4.461537381082375e-10
0.2155505617977528,3.823615617468499e-10
0.21568539325842695,2.980072323558953e-10
0.21582022471910112,3.436231970980575e-10
0.21595505617977528,3.3160308075167814e-10
0.21608988764044945,3.3160308075167814e-10
0.2162247191011236,3.355623258182384e-10
0.21635955056179776,3.5607902470698613e-10
0.2164943820224719,3.778501401404582e-10
0.21662921348314607,4.4088964303372286e-10
0.21676404494382023,5.792774169758721e-10
0.21689887640449437,3.778501401404582e-10
0.21703370786516854,7.3447899721822e-10
0.21716853932584268,9.094166194309799e-10
0.21730337078651685,5.72442617360811e-10
0.21743820224719101,1.6659021340676877e-09
0.21757303370786518,1.7262885979925086e-09
0.21770786516853932,1.1394651077545698e-09
0.2178426966292135,1.2983807317901226e-09
0.21797752808988763,1.9209017607907365e-09
0.2181123595505618,1.9209017607907365e-09
0.21824719101123596,2.014297952778804e-09
0.2183820224719101,1.394215468765153e-09
0.21851685393258427,1.6076280197404727e-09
0.2186516853932584,2.2681412816120785e-09
0.21878651685393258,1.967045623327019e-09
0.21892134831460675,2.0873132447169493e-09
0.2190561797752809,2.7424854358093223e-09
0.21919101123595505,1.7677574671401566e-09
0.21932584269662922,2.32262652476605e-09
0.21946067415730336,2.980072323558953e-09
0.21959550561797753,3.200034342635654e-09
0.2197303370786517,3.3956884312804993e-09
0.21986516853932583,3.5607902470698613e-09
0.22,3.518777064617434e-09
0.22013483146067414,3.3956884312804993e-09
0.2202696629213483,4.057396242568881e-09
0.22040449438202248,4.848049107675056e-09
0.22053932584269664,3.3956884312804993e-09
0.22067415730337078,5.023783646072948e-09
0.22080898876404495,4.009523687098597e-09
0.2209438202247191,4.964508843492892e-09
0.22107865168539326,4.3568765815708e-09
0.22121348314606742,3.915466433083047e-09
0.22134831460674156,3.733919480606342e-09
0.22148314606741573,2.464634805711923e-09
0.22161797752808987,2.3503580150429006e-09
0.22175280898876404,3.646327477049644e-09
0.2218876404494382,2.406818266874074e-09
0.22202247191011237,3.1249664626297947e-09
0.2221573033707865,3.2769055017089723e-09
0.22229213483146068,2.7424854358093223e-09
0.22242696629213482,3.778501401404567e-09
0.222561797752809,3.1249664626297947e-09
0.22269662921348315,2.0626853767155066e-09
0.2228314606741573,2.9449109370228773e-09
0.22296629213483146,3.4772595888417016e-09
0.2231011235955056,4.105840382532977e-09
0.22323595505617977,3.1249664626297947e-09
0.22337078651685394,3.6898635746089365e-09
0.2235056179775281,7.2581299951082975e-09
0.22364044943820224,5.6568846042991424e-09
0.2237752808988764,8.880831053642057e-09
0.22391011235955055,5.931928071561091e-09
0.22404494382022472,5.6568846042991424e-09
0.22417977528089889,6.369769416995313e-09
0.22431460674157302,5.8619382212546176e-09
0.2244494382022472,5.590139946933178e-09
0.22458426966292133,5.205888298984928e-09
0.2247191011235955,4.848049107675056e-09
0.22485393258426967,4.568712340164303e-09
0.22498876404494383,4.5148068495845095e-09
0.22512359550561797,4.568712340164303e-09
0.22525842696629214,4.734321337998149e-09
0.22539325842696628,4.461537381082375e-09
0.22552808988764045,5.023783646072948e-09
0.22566292134831462,4.905933414625685e-09
0.22579775280898876,3.915466433083047e-09
0.22593258426966292,4.678461853906003e-09
0.22606741573033706,4.30547050650223e-09
0.22620224719101123,3.6898635746089365e-09
0.2263370786516854,3.238241828993077e-09
0.22647191011235956,2.7424854358093223e-09
0.2266067415730337,2.5844678498546846e-09
0.22674157303370787,3.2769055017089723e-09
0.226876404494382,3.646327477049644e-09
0.22701123595505618,3.96221597209012e-09
0.22714606741573035,3.646327477049644e-09
0.22728089887640449,3.3160308075167813e-09
0.22741573033707865,3.0516595595401814e-09
0.2275505617977528,2.5844678498546846e-09
0.22768539325842696,2.8758278594124366e-09
0.22782022471910113,2.8418964362799758e-09
0.2279550561797753,2.464634805711923e-09
0.22808988764044943,2.2413798531424673e-09
0.2282247191011236,2.2952222338129e-09
0.22835955056179774,2.32262652476605e-09
0.2284943820224719,2.0626853767155066e-09
0.22862921348314608,2.1888005318453504e-09
0.22876404494382022,2.137454640492823e-09
0.22889887640449438,2.014297952778804e-09
0.22903370786516852,1.7888639810325622e-09
0.2291685393258427,1.6076280197404727e-09
0.22930337078651686,1.6076280197404727e-09
0.22943820224719103,1.6076280197404727e-09
0.22957303370786517,1.6076280197404727e-09
0.22970786516853933,1.6076280197404727e-09
0.22984269662921347,1.6268226342524771e-09
0.22997752808988764,1.5330877388600076e-09
0.2301123595505618,1.3295704069887223e-09
0.23024719101123595,1.6857925246838545e-09
0.23038202247191011,1.4620036390149015e-09
0.23051685393258425,1.4620036390149015e-09
0.23065168539325842,1.6268226342524771e-09
0.2307865168539326,1.8318360347428434e-09
0.23092134831460676,1.7059204008226075e-09
0.2310561797752809,1.5149990870666917e-09
0.23119101123595506,1.1807690158388953e-09
0.2313258426966292,1.4108619990202931e-09
0.23146067415730337,1.4447536969037171e-09
0.23159550561797754,1.3615093199225838e-09
0.23173033707865168,1.5149990870666917e-09
0.23186516853932584,1.4620036390149015e-09
0.23199999999999998,1.6462464269211936e-09
0.23213483146067415,1.7059204008226075e-09
0.23226966292134832,1.7468999855573283e-09
0.2324044943820225,1.6659021340676877e-09
0.23253932584269663,1.8982373547039977e-09
0.2326741573033708,1.7468999855573283e-09
0.23280898876404493,1.7888639810325622e-09
0.2329438202247191,1.9905315802795293e-09
0.23307865168539327,3.0156535269008936e-09
0.2332134831460674,3.3956884312804993e-09
0.23334831460674157,3.869268484249964e-09
0.23348314606741571,3.6898635746089365e-09
0.23361797752808988,3.4772595888417016e-09
0.23375280898876405,3.238241828993077e-09
0.23388764044943822,3.0516595595401814e-09
0.23402247191011236,2.8758278594124366e-09
0.23415730337078652,2.8758278594124366e-09
0.23429213483146066,2.8418964362799758e-09
0.23442696629213483,2.8083653644661883e-09
0.234561797752809,3.238241828993077e-09
0.23469662921348314,4.009523687098597e-09
0.2348314606741573,2.8418964362799758e-09
0.23496629213483144,3.518777064617434e-09
0.2351011235955056,4.30547050650223e-09
0.23523595505617978,5.330944040486626e-09
0.23537078651685395,5.931928071561091e-09
0.2355056179775281,6.002753580477572e-09
0.23564044943820225,6.002753580477572e-09
0.2357752808988764,6.07442472552665e-09
0.23591011235955056,6.220344431179017e-09
0.23604494382022473,6.369769416995313e-09
0.23617977528089887,6.522783886743445e-09
0.23631460674157304,6.679474066932497e-09
0.23644943820224718,4.905933414625685e-09
0.23658426966292134,4.461537381082375e-09
0.2367191011235955,5.268045102589078e-09
0.23685393258426968,4.461537381082375e-09
0.23698876404494382,4.964508843492892e-09
0.23712359550561798,5.083766172686027e-09
0.23725842696629212,5.023783646072948e-09
0.2373932584269663,4.848049107675056e-09
0.23752808988764046,4.7908477682064884e-09
0.2376629213483146,5.023783646072948e-09
0.23779775280898877,5.459003868435124e-09
0.2379325842696629,5.8619382212546176e-09
0.23806741573033707,3.96221597209012e-09
0.23820224719101124,3.2769055017089723e-09
0.2383370786516854,2.7424854358093223e-09
0.23847191011235955,3.6898635746089365e-09
0.23860674157303371,3.0516595595401814e-09
0.23874157303370785,2.980072323558953e-09
0.23887640449438202,3.0156535269008936e-09
0.2390112359550562,3.0156535269008936e-09
0.23914606741573033,3.0156535269008936e-09
0.2392808988764045,3.0156535269008936e-09
0.23941573033707864,3.0156535269008936e-09
0.2395505617977528,2.910164413942754e-09
0.23968539325842697,2.6781509488726647e-09
0.23982022471910114,2.038348088905529e-09
0.23995505617977528,3.6898635746089365e-09
0.24008988764044945,4.734321337998149e-09
0.24022471910112358,3.1249664626297947e-09
0.24035955056179775,4.057396242568881e-09
0.24049438202247192,5.931928071561091e-09
0.24062921348314606,5.3945939735468195e-09
0.24076404494382023,5.724426173608133e-09
0.24089887640449437,7.43248464436786e-09
0.24103370786516853,7.981083521048576e-09
0.2411685393258427,8.672500426996962e-09
0.24130337078651687,9.312626067332974e-09
0.241438202247191,5.459003868435124e-09
0.24157303370786518,4.678461853906003e-09
0.24170786516853932,6.002753580477572e-09
0.24184269662921348,5.8619382212546176e-09
0.24197752808988765,6.294613548177616e-09
0.2421123595505618,6.839928255402978e-09
0.24224719101123596,5.459003868435124e-09
0.2423820224719101,6.445822625192863e-09
0.24251685393258426,5.792774169758721e-09
0.24265168539325843,4.009523687098597e-09
0.2427865168539326,4.2546709633159924e-09
0.24292134831460674,4.7908477682064884e-09
0.2430561797752809,5.3945939735468195e-09
0.24319101123595505,6.07442472552665e-09
0.2433258426966292,6.839928255402978e-09
0.24346067415730338,6.600664043541983e-09
0.24359550561797752,6.369769416995313e-09
0.2437303370786517,5.6568846042991424e-09
0.24386516853932583,5.931928071561091e-09
0.244,5.330944040486626e-09
0.24413483146067416,4.623261446741698e-09
0.24426966292134833,3.96221597209012e-09
0.24440449438202247,5.083766172686027e-09
0.24453932584269664,4.3568765815708e-09
0.24467415730337078,3.733919480606342e-09
0.24480898876404494,3.238241828993077e-09
0.2449438202247191,2.710127298150808e-09
0.24507865168539325,3.1249664626297947e-09
0.24521348314606742,3.646327477049644e-09
0.24534831460674156,4.204470795641417e-09
0.24548314606741573,3.3160308075167813e-09
0.2456179775280899,3.823615617468499e-09
0.24575280898876406,5.023783646072948e-09
0.2458876404494382,4.964508843492892e-09
0.24602247191011237,4.964508843492892e-09
0.2461573033707865,5.1444648733528825e-09
0.24629213483146067,5.524182798876404e-09
0.24642696629213484,4.905933414625685e-09
0.246561797752809,6.369769416995313e-09
0.24669662921348315,5.083766172686027e-09
0.2468314606741573,4.30547050650223e-09
0.24696629213483146,5.6568846042991424e-09
0.24710112359550562,4.7908477682064884e-09
0.2472359550561798,4.057396242568881e-09
0.24737078651685393,3.436231970980561e-09
0.2475056179775281,3.1622776601683795e-09
0.24764044943820224,3.1622776601683795e-09
0.2477752808988764,3.518777064617434e-09
0.24791011235955057,3.3956884312804993e-09
0.24804494382022474,3.088095493815999e-09
0.24817977528089888,2.8083653644661883e-09
0.24831460674157302,2.5539741358798926e-09
0.24844943820224719,2.32262652476605e-09
0.24858426966292135,2.2952222338129e-09
0.24871910112359552,2.1888005318453504e-09
0.24885393258426966,2.2413798531424673e-09
0.24898876404494383,2.2681412816120785e-09
0.24912359550561797,2.2681412816120785e-09
0.24925842696629213,2.2952222338129e-09
0.2493932584269663,2.3503580150429006e-09
0.24952808988764047,2.406818266874074e-09
0.2496629213483146,2.4940618338724114e-09
0.24979775280898875,2.5539741358798926e-09
0.24993258426966292,2.43555498224965e-09
0.2500674157303371,2.5844678498546846e-09
0.25020224719101125,2.52384021225499e-09
0.2503370786516854,2.4940618338724114e-09
0.2504719101123596,2.43555498224965e-09
0.2506067415730337,2.43555498224965e-09
0.25074157303370787,2.43555498224965e-09
0.25087640449438203,2.464634805711923e-09
0.2510112359550562,2.6465518833161582e-09
0.2511460674157303,2.8418964362799758e-09
0.2512808988764045,2.52384021225499e-09
0.25141573033707865,3.3160308075167813e-09
0.2515505617977528,3.518777064617434e-09
0.251685393258427,3.436231970980561e-09
0.25182022471910115,3.3160308075167813e-09
0.2519550561797753,3.200034342635654e-09
0.25208988764044943,3.3160308075167813e-09
0.2522247191011236,3.915466433083047e-09
0.25235955056179776,2.980072323558953e-09
0.25249438202247193,5.524182798876404e-09
0.25262921348314604,6.522783886743445e-09
0.2527640449438202,4.964508843492892e-09
0.2528988764044944,7.087865437543907e-09
0.25303370786516854,7.3447899721821995e-09
0.2531685393258427,7.70190111047986e-09
0.2533033707865169,7.172492504947554e-09
0.25343820224719105,8.369131897087238e-09
0.25357303370786516,7.793859586576248e-09
0.2537078651685393,8.986865612960297e-09
0.2538426966292135,9.202747913628177e-09
0.25397752808988766,8.776047578767939e-09
0.2541123595505618,9.094166194309798e-09
0.25424719101123594,9.650194851573192e-09
0.2543820224719101,9.765415392560973e-09
0.2545168539325843,9.882011633549604e-09
0.25465168539325844,8.369131897087238e-09
0.2547865168539326,7.793859586576248e-09
0.2549213483146068,8.672500426996962e-09
0.2550561797752809,8.172804945018875e-09
0.25519101123595506,7.61102763742106e-09
0.2553258426966292,7.61102763742106e-09
0.2554606741573034,7.43248464436786e-09
0.2555955056179775,7.886916020333307e-09
0.25573033707865167,7.981083521048576e-09
0.25586516853932584,7.981083521048576e-09
0.256,8.076375354540825e-09
0.2561348314606742,8.270385876972717e-09
0.25626966292134834,7.981083521048576e-09
0.2564044943820225,8.986865612960297e-09
0.2565393258426966,8.369131897087238e-09
0.2566741573033708,9.882011633549604e-09
0.25680898876404495,1.02402197940476e-08
0.2569438202247191,1.0738109667130533e-08
0.25707865168539323,1.0119397113488333e-08
0.2572134831460674,9.312626067332974e-09
0.25734831460674157,8.57017501115479e-09
0.25748314606741574,7.886916020333307e-09
0.2576179775280899,7.2581299951082975e-09
0.25775280898876407,6.9215950244192185e-09
0.25788764044943824,6.9215950244192185e-09
0.25802247191011235,6.9215950244192185e-09
0.2581573033707865,7.004236871084305e-09
0.2582921348314607,7.2581299951082975e-09
0.25842696629213485,6.9215950244192185e-09
0.25856179775280896,7.087865437543907e-09
0.25869662921348313,7.793859586576248e-09
0.2588314606741573,7.087865437543907e-09
0.25896629213483147,7.52122636562625e-09
0.25910112359550563,7.2581299951082975e-09
0.2592359550561798,7.087865437543907e-09
0.25937078651685397,7.70190111047986e-09
0.2595056179775281,6.294613548177616e-09
0.25964044943820225,9.882011633549604e-09
0.2597752808988764,8.076375354540825e-09
0.2599101123595506,9.094166194309798e-09
0.2600449438202247,1.1948670570576576e-08
0.26017977528089886,1.1530699922332218e-08
0.26031460674157303,1.1127350102552579e-08
0.2604494382022472,1.0738109667130533e-08
0.26058426966292136,1.0362485062537138e-08
0.26071910112359553,1e-08
0.2608539325842697,9.650194851573192e-09
0.2609887640449438,9.202747913628177e-09
0.261123595505618,8.776047578767939e-09
0.26125842696629215,8.369131897087238e-09
0.2613932584269663,8.469056916178774e-09
0.2615280898876404,8.880831053642057e-09
0.2616629213483146,9.312626067332974e-09
0.26179775280898876,8.57017501115479e-09
0.2619325842696629,8.986865612960297e-09
0.2620674157303371,9.42381613447655e-09
0.26220224719101126,9.650194851573192e-09
0.26233707865168543,1e-08
0.26247191011235954,1e-08
0.2626067415730337,1.02402197940476e-08
0.2627415730337079,1.061141246529154e-08
0.26287640449438204,1.0866319596988188e-08
0.26301123595505616,1.1260207450854466e-08
0.2631460674157303,1.1530699922332218e-08
0.2632808988764045,1.1530699922332218e-08
0.26341573033707866,1.1394651077545651e-08
0.2635505617977528,1.1394651077545651e-08
0.263685393258427,1.1394651077545651e-08
0.26382022471910116,1.0996060316400397e-08
0.26395505617977527,1.1260207450854466e-08
0.26408988764044944,1.1260207450854466e-08
0.2642247191011236,1e-08
0.2643595505617978,1.0486210143040429e-08
0.2644943820224719,1.02402197940476e-08
0.26462921348314605,9.882011633549604e-09
0.2647640449438202,8.270385876972717e-09
0.2648988764044944,9.094166194309798e-09
0.26503370786516856,8.57017501115479e-09
0.2651685393258427,8.076375354540825e-09
0.2653033707865169,6.839928255402978e-09
0.265438202247191,7.70190111047986e-09
0.26557303370786517,7.886916020333307e-09
0.26570786516853934,7.52122636562625e-09
0.2658426966292135,8.270385876972717e-09
0.2659775280898876,9.53633377892668e-09
0.2661123595505618,1.0362485062537138e-08
0.26624719101123595,1.1260207450854466e-08
0.2663820224719101,1.2235701288937229e-08
0.2665168539325843,1.329570406988725e-08
0.26665168539325845,1.329570406988725e-08
0.2667865168539326,1.2830613496326668e-08
0.26692134831460673,1.25296270533029e-08
0.2670561797752809,1.2235701288937229e-08
0.26719101123595507,1.0996060316400397e-08
0.26732584269662923,1.1530699922332218e-08
0.26746067415730335,1.1394651077545651e-08
0.2675955056179775,1.1530699922332218e-08
0.2677303370786517,1.166837315105488e-08
0.26786516853932585,1.1807690158388952e-08
0.268,1.2091334248191559e-08
0.2681348314606742,1.0362485062537138e-08
0.26826966292134835,1.1260207450854466e-08
0.26840449438202246,1.0738109667130533e-08
0.26853932584269663,8.880831053642057e-09
0.2686741573033708,9.650194851573192e-09
0.26880898876404496,9.53633377892668e-09
0.2689438202247191,9.765415392560973e-09
0.26907865168539324,1e-08
0.2692134831460674,1.02402197940476e-08
0.2693483146067416,1.061141246529154e-08
0.26948314606741575,1.0996060316400397e-08
0.2696179775280899,1.1394651077545651e-08
0.2697528089887641,1.1807690158388952e-08
0.2698876404494382,1.2235701288937229e-08
0.27002247191011236,1.267922718362787e-08
0.27015730337078653,1.25296270533029e-08
0.2702921348314607,1.1807690158388952e-08
0.2704269662921348,1.2235701288937229e-08
0.270561797752809,1.1948670570576576e-08
0.27069662921348314,1.1807690158388952e-08
0.2708314606741573,1.166837315105488e-08
0.2709662921348315,1.1394651077545651e-08
0.27110112359550564,1.1394651077545651e-08
0.2712359550561798,1.1394651077545651e-08
0.2713707865168539,1.1260207450854466e-08
0.2715056179775281,1.1260207450854466e-08
0.27164044943820226,9.765415392560973e-09
0.2717752808988764,1.0866319596988188e-08
0.27191011235955054,8.672500426996962e-09
0.2720449438202247,9.53633377892668e-09
0.2721797752808989,8.986865612960297e-09
0.27231460674157304,8.369131897087238e-09
0.2724494382022472,7.3447899721821995e-09
0.2725842696629214,7.61102763742106e-09
0.27271910112359554,7.43248464436786e-09
0.27285393258426965,6.9215950244192185e-09
0.2729887640449438,7.2581299951082975e-09
0.273123595505618,6.759225059253689e-09
0.27325842696629216,7.52122636562625e-09
0.27339325842696627,7.793859586576248e-09
0.27352808988764044,7.981083521048576e-09
0.2736629213483146,7.61102763742106e-09
0.27379775280898877,8.369131897087238e-09
0.27393258426966294,8.57017501115479e-09
0.2740674157303371,8.672500426996962e-09
0.2742022471910113,8.880831053642057e-09
0.2743370786516854,9.094166194309798e-09
0.27447191011235955,8.57017501115479e-09
0.2746067415730337,7.981083521048576e-09
0.2747415730337079,7.43248464436786e-09
0.274876404494382,8.369131897087238e-09
0.27501123595505617,7.793859586576248e-09
0.27514606741573033,6.07442472552665e-09
0.2752808988764045,5.931928071561091e-09
0.27541573033707867,6.220344431179017e-09
0.27555056179775284,6.002753580477572e-09
0.275685393258427,5.8619382212546176e-09
0.2758202247191011,5.724426173608133e-09
0.2759550561797753,5.590139946933178e-09
0.27608988764044945,5.459003868435124e-09
0.2762247191011236,5.3945939735468195e-09
0.27635955056179773,5.459003868435124e-09
0.2764943820224719,5.459003868435124e-09
0.27662921348314606,5.459003868435124e-09
0.27676404494382023,5.524182798876404e-09
0.2768988764044944,5.524182798876404e-09
0.27703370786516857,5.268045102589078e-09
0.27716853932584273,4.5148068495845095e-09
0.27730337078651685,4.848049107675056e-09
0.277438202247191,4.678461853906003e-09
0.2775730337078652,3.96221597209012e-09
0.27770786516853935,4.154862931544821e-09
0.27784269662921346,6.002753580477572e-09
0.2779775280898876,6.679474066932497e-09
0.2781123595505618,5.6568846042991424e-09
0.27824719101123596,8.172804945018875e-09
0.27838202247191013,6.9215950244192185e-09
0.2785168539325843,7.70190111047986e-09
0.27865168539325846,7.43248464436786e-09
0.2787865168539326,6.679474066932497e-09
0.27892134831460674,7.004236871084305e-09
0.2790561797752809,6.839928255402978e-09
0.2791910112359551,6.146951603359654e-09
0.2793258426966292,6.445822625192863e-09
0.27946067415730336,6.759225059253689e-09
0.2795955056179775,7.981083521048576e-09
0.2797303370786517,8.369131897087238e-09
0.27986516853932586,8.880831053642057e-09
0.28,9.42381613447655e-09
0.2801348314606742,1e-08
0.2802696629213483,1.061141246529154e-08
0.2804044943820225,1.1260207450854466e-08
0.28053932584269664,1.1807690158388952e-08
0.2806741573033708,1.2235701288937229e-08
0.2808089887640449,1.267922718362787e-08
0.2809438202247191,1.1948670570576576e-08
0.28107865168539325,1.3454450938661212e-08
0.2812134831460674,1.394215468765156e-08
0.2813483146067416,1.4447536969037142e-08
0.28148314606741576,1.3615093199225866e-08
0.2816179775280899,1.4447536969037142e-08
0.28175280898876404,1.4447536969037142e-08
0.2818876404494382,1.4447536969037142e-08
0.28202247191011237,1.4277072840416304e-08
0.28215730337078654,1.4277072840416304e-08
0.28229213483146065,1.4620036390149044e-08
0.2824269662921348,1.394215468765156e-08
0.282561797752809,1.5699155409485962e-08
0.28269662921348315,1.4794595404556863e-08
0.2828314606741573,1.6659021340676877e-08
0.2829662921348315,1.7059204008226076e-08
0.28310112359550565,1.6268226342524738e-08
0.28323595505617977,1.7262885979925154e-08
0.28337078651685393,1.7262885979925154e-08
0.2835056179775281,1.7468999855573285e-08
0.28364044943820227,1.7468999855573285e-08
0.2837752808988764,1.7468999855573285e-08
0.28391011235955055,1.7468999855573285e-08
0.2840449438202247,1.7468999855573285e-08
0.2841797752808989,1.7468999855573285e-08
0.28431460674157305,1.7262885979925154e-08
0.2844494382022472,1.7262885979925154e-08
0.2845842696629214,1.7262885979925154e-08
0.2847191011235955,1.7262885979925154e-08
0.28485393258426966,1.7262885979925154e-08
0.28498876404494383,1.7468999855573285e-08
0.285123595505618,1.7059204008226076e-08
0.2852584269662921,1.7888639810325623e-08
0.2853932584269663,1.8102225006084156e-08
0.28552808988764045,1.6857925246838613e-08
0.2856629213483146,1.6076280197404762e-08
0.2857977528089888,1.7468999855573285e-08
0.28593258426966295,1.4447536969037142e-08
0.2860674157303371,1.5699155409485962e-08
0.2862022471910112,1.497123860321005e-08
0.2863370786516854,1.2235701288937229e-08
0.28647191011235956,1.3454450938661212e-08
0.28660674157303373,1.0738109667130533e-08
0.28674157303370784,1.1948670570576576e-08
0.286876404494382,1.1127350102552579e-08
0.2870112359550562,1.0486210143040429e-08
0.28714606741573034,9.765415392560973e-09
0.2872808988764045,9.650194851573192e-09
0.2874157303370787,1e-08
0.28755056179775285,1.0486210143040429e-08
0.28768539325842696,1.0996060316400397e-08
0.2878202247191011,1.1530699922332218e-08
0.2879550561797753,1.1948670570576576e-08
0.28808988764044946,1.2091334248191559e-08
0.28822471910112357,1.2381792030477712e-08
0.28835955056179774,1.1948670570576576e-08
0.2884943820224719,1.2830613496326668e-08
0.2886292134831461,1.2983807317901253e-08
0.28876404494382024,1.3138830229485864e-08
0.2888988764044944,1.3454450938661212e-08
0.2890337078651686,1.2983807317901253e-08
0.2891685393258427,1.4108619990202901e-08
0.28930337078651686,1.4447536969037142e-08
0.289438202247191,1.4794595404556863e-08
0.2895730337078652,1.5149990870666884e-08
0.2897078651685393,1.533087738860011e-08
0.28984269662921347,1.4794595404556863e-08
0.28997752808988764,1.6076280197404762e-08
0.2901123595505618,1.6268226342524738e-08
0.29024719101123597,1.6659021340676877e-08
0.29038202247191014,1.6076280197404762e-08
0.2905168539325843,1.7468999855573285e-08
0.2906516853932584,1.7468999855573285e-08
0.2907865168539326,1.6076280197404762e-08
0.29092134831460675,1.6659021340676877e-08
0.2910561797752809,1.533087738860011e-08
0.29119101123595503,1.58865987934957e-08
0.2913258426966292,1.4620036390149044e-08
0.29146067415730337,1.5149990870666884e-08
0.29159550561797754,1.4794595404556863e-08
0.2917303370786517,1.3777653482012087e-08
0.29186516853932587,1.4277072840416304e-08
0.29200000000000004,1.394215468765156e-08
0.29213483146067415,1.3777653482012087e-08
0.2922696629213483,1.3454450938661212e-08
0.2924044943820225,1.3454450938661212e-08
0.29253932584269665,1.2983807317901253e-08
0.29267415730337076,1.394215468765156e-08
0.29280898876404493,1.3454450938661212e-08
0.2929438202247191,1.4447536969037142e-08
0.29307865168539327,1.394215468765156e-08
0.29321348314606743,1.497123860321005e-08
0.2933483146067416,1.533087738860011e-08
0.29348314606741577,1.5513923639344347e-08
0.2936179775280899,1.58865987934957e-08
0.29375280898876405,1.6076280197404762e-08
0.2938876404494382,1.646246426921197e-08
0.2940224719101124,1.6659021340676877e-08
0.2941573033707865,1.7059204008226076e-08
0.29429213483146066,1.4794595404556863e-08
0.29442696629213483,1.6076280197404762e-08
0.294561797752809,1.533087738860011e-08
0.29469662921348316,1.4447536969037142e-08
0.29483146067415733,1.2091334248191559e-08
0.2949662921348315,1.3138830229485864e-08
0.2951011235955056,1.25296270533029e-08
0.2952359550561798,9.53633377892668e-09
0.29537078651685394,8.776047578767939e-09
0.2955056179775281,8.076375354540825e-09
0.2956404494382022,7.43248464436786e-09
0.2957752808988764,8.469056916178774e-09
0.29591011235955056,7.886916020333307e-09
0.2960449438202247,7.2581299951082975e-09
0.2961797752808989,6.679474066932497e-09
0.29631460674157306,6.220344431179017e-09
0.29644943820224723,4.7908477682064884e-09
0.29658426966292134,4.461537381082375e-09
0.2967191011235955,5.023783646072948e-09
0.2968539325842697,4.678461853906003e-09
0.29698876404494384,4.3568765815708e-09
0.29712359550561795,4.30547050650223e-09
0.2972584269662921,4.30547050650223e-09
0.2973932584269663,4.2546709633159924e-09
0.29752808988764046,4.2546709633159924e-09
0.2976629213483146,4.30547050650223e-09
0.2977977528089888,4.461537381082375e-09
0.29793258426966296,4.568712340164303e-09
0.29806741573033707,4.678461853906003e-09
0.29820224719101124,4.848049107675056e-09
0.2983370786516854,4.964508843492892e-09
0.2984719101123596,4.734321337998149e-09
0.2986067415730337,5.459003868435124e-09
0.29874157303370785,5.792774169758721e-09
0.298876404494382,5.205888298984928e-09
0.2990112359550562,5.590139946933178e-09
0.29914606741573035,7.172492504947554e-09
0.2992808988764045,7.61102763742106e-09
0.2994157303370787,6.839928255402978e-09
0.2995505617977528,7.3447899721821995e-09
0.29968539325842697,8.469056916178774e-09
0.29982022471910114,8.672500426996962e-09
0.2999550561797753,8.776047578767939e-09
0.3000898876404494,8.880831053642057e-09
0.3002247191011236,8.986865612960297e-09
0.30035955056179775,9.094166194309798e-09
0.3004943820224719,9.202747913628177e-09
0.3006292134831461,9.202747913628177e-09
0.30076404494382025,9.202747913628177e-09
0.3008988764044944,9.202747913628177e-09
0.30103370786516853,9.202747913628177e-09
0.3011685393258427,9.202747913628177e-09
0.30130337078651687,9.202747913628177e-09
0.30143820224719103,9.202747913628177e-09
0.30157303370786515,9.42381613447655e-09
0.3017078651685393,9.650194851573192e-09
0.3018426966292135,9.882011633549604e-09
0.30197752808988765,1e-08
0.3021123595505618,9.650194851573192e-09
0.302247191011236,1.0486210143040429e-08
0.30238202247191015,1.0738109667130533e-08
0.30251685393258426,1.0996060316400397e-08
0.30265168539325843,1.1260207450854466e-08
0.3027865168539326,1.0738109667130533e-08
0.30292134831460676,1.0996060316400397e-08
0.3030561797752809,1.1260207450854466e-08
0.30319101123595504,1.2235701288937229e-08
0.3033258426966292,1.25296270533029e-08
0.3034606741573034,1.267922718362787e-08
0.30359550561797755,1.2830613496326668e-08
0.3037303370786517,1.2983807317901253e-08
0.3038651685393259,1.3138830229485864e-08
0.304,1.2830613496326668e-08
0.30413483146067416,1.3615093199225866e-08
0.3042696629213483,1.3777653482012087e-08
0.3044044943820225,1.394215468765156e-08
0.3045393258426966,1.3615093199225866e-08
0.3046741573033708,1.329570406988725e-08
0.30480898876404494,1.2983807317901253e-08
0.3049438202247191,1.267922718362787e-08
0.3050786516853933,1.2381792030477712e-08
0.30521348314606744,1.2091334248191559e-08
0.3053483146067416,1.1807690158388952e-08
0.3054831460674157,1.1394651077545651e-08
0.3056179775280899,1.1260207450854466e-08
0.30575280898876406,1.0996060316400397e-08
0.3058876404494382,1.0119397113488333e-08
0.30602247191011234,1.0486210143040429e-08
0.3061573033707865,9.650194851573192e-09
0.30629213483146067,1e-08
0.30642696629213484,9.882011633549604e-09
0.306561797752809,8.880831053642057e-09
0.3066966292134832,8.672500426996962e-09
0.30683146067415734,9.094166194309798e-09
0.30696629213483145,8.776047578767939e-09
0.3071011235955056,7.981083521048576e-09
0.3072359550561798,8.369131897087238e-09
0.30737078651685396,8.172804945018875e-09
0.30750561797752807,7.70190111047986e-09
0.30764044943820223,7.886916020333307e-09
0.3077752808988764,7.793859586576248e-09
0.30791011235955057,7.70190111047986e-09
0.30804494382022474,7.70190111047986e-09
0.3081797752808989,7.61102763742106e-09
0.30831460674157307,7.52122636562625e-09
0.3084494382022472,7.52122636562625e-09
0.30858426966292135,7.52122636562625e-09
0.3087191011235955,7.52122636562625e-09
0.3088539325842697,7.52122636562625e-09
0.3089887640449438,7.52122636562625e-09
0.30912359550561797,7.43248464436786e-09
0.30925842696629213,7.172492504947554e-09
0.3093932584269663,7.43248464436786e-09
0.30952808988764047,7.3447899721821995e-09
0.30966292134831463,7.172492504947554e-09
0.3097977528089888,7.004236871084305e-09
0.30993258426966297,6.522783886743445e-09
0.3100674157303371,6.759225059253689e-09
0.31020224719101125,6.679474066932497e-09
0.3103370786516854,6.600664043541983e-09
0.31047191011235953,6.759225059253689e-09
0.3106067415730337,6.9215950244192185e-09
0.31074157303370786,7.087865437543907e-09
0.31087640449438203,7.2581299951082975e-09
0.3110112359550562,7.43248464436786e-09
0.31114606741573037,7.61102763742106e-09
0.31128089887640453,6.522783886743445e-09
0.3114157303370787,7.61102763742106e-09
0.3115505617977528,5.459003868435124e-09
0.311685393258427,4.964508843492892e-09
0.31182022471910115,5.792774169758721e-09
0.31195505617977526,4.154862931544821e-09
0.3120898876404494,4.848049107675056e-09
0.3122247191011236,4.408896430337229e-09
0.31235955056179776,3.6033050547936164e-09
0.31249438202247193,3.869268484249964e-09
0.3126292134831461,5.023783646072948e-09
0.31276404494382026,5.330944040486626e-09
0.31289887640449443,5.724426173608133e-09
0.31303370786516854,6.146951603359654e-09
0.3131685393258427,6.522783886743445e-09
0.3133033707865169,6.522783886743445e-09
0.313438202247191,6.294613548177616e-09
0.31357303370786516,6.522783886743445e-09
0.3137078651685393,6.522783886743445e-09
0.3138426966292135,6.522783886743445e-09
0.31397752808988766,6.522783886743445e-09
0.3141123595505618,6.522783886743445e-09
0.314247191011236,6.522783886743445e-09
0.31438202247191016,6.600664043541983e-09
0.3145168539325843,6.679474066932497e-09
0.31465168539325844,6.839928255402978e-09
0.3147865168539326,6.600664043541983e-09
0.3149213483146067,7.004236871084305e-09
0.3150561797752809,7.172492504947554e-09
0.31519101123595505,6.9215950244192185e-09
0.3153258426966292,6.839928255402978e-09
0.3154606741573034,6.522783886743445e-09
0.31559550561797756,7.087865437543907e-09
0.3157303370786517,6.759225059253689e-09
0.3158651685393259,5.6568846042991424e-09
0.316,6.07442472552665e-09
0.31613483146067417,5.792774169758721e-09
0.31626966292134834,5.524182798876404e-09
0.31640449438202245,5.268045102589078e-09
0.3165393258426966,5.023783646072948e-09
0.3166741573033708,4.7908477682064884e-09
0.31680898876404495,4.678461853906003e-09
0.3169438202247191,4.568712340164303e-09
0.3170786516853933,4.461537381082375e-09
0.31721348314606745,4.3568765815708e-09
0.3173483146067416,4.2546709633159924e-09
0.31748314606741573,3.96221597209012e-09
0.3176179775280899,4.057396242568881e-09
0.31775280898876407,4.057396242568881e-09
0.3178876404494382,4.009523687098597e-09
0.31802247191011235,4.009523687098597e-09
0.3181573033707865,3.96221597209012e-09
0.3182921348314607,3.869268484249964e-09
0.31842696629213485,3.96221597209012e-09
0.318561797752809,3.778501401404567e-09
0.3186966292134832,3.915466433083047e-09
0.31883146067415735,3.823615617468499e-09
0.31896629213483146,3.6033050547936164e-09
0.31910112359550563,3.733919480606342e-09
0.3192359550561798,3.646327477049644e-09
0.3193707865168539,3.6033050547936164e-09
0.3195056179775281,3.5607902470698613e-09
0.31964044943820225,3.778501401404567e-09
0.3197752808988764,4.105840382532977e-09
0.3199101123595506,4.408896430337229e-09
0.32004494382022475,4.7908477682064884e-09
0.3201797752808989,5.1444648733528825e-09
0.3203146067415731,5.590139946933178e-09
0.3204494382022472,4.905933414625685e-09
0.32058426966292136,6.445822625192863e-09
0.32071910112359553,6.294613548177616e-09
0.32085393258426964,6.07442472552665e-09
0.3209887640449438,5.931928071561091e-09
0.321123595505618,5.792774169758721e-09
0.32125842696629214,5.6568846042991424e-09
0.3213932584269663,5.1444648733528825e-09
0.3215280898876405,5.3945939735468195e-09
0.32166292134831465,5.205888298984928e-09
0.3217977528089888,5.083766172686027e-09
0.3219325842696629,5.083766172686027e-09
0.3220674157303371,5.083766172686027e-09
0.32220224719101126,5.083766172686027e-09
0.32233707865168537,5.1444648733528825e-09
0.32247191011235954,5.1444648733528825e-09
0.3226067415730337,5.1444648733528825e-09
0.3227415730337079,5.205888298984928e-09
0.32287640449438204,4.905933414625685e-09
0.3230112359550562,5.205888298984928e-09
0.3231460674157304,5.023783646072948e-09
0.32328089887640454,4.848049107675056e-09
0.32341573033707866,4.30547050650223e-09
0.3235505617977528,4.568712340164303e-09
0.323685393258427,4.408896430337229e-09
0.3238202247191011,4.2546709633159924e-09
0.32395505617977527,4.2546709633159924e-09
0.32408988764044944,4.568712340164303e-09
0.3242247191011236,4.057396242568881e-09
0.32435955056179777,4.3568765815708e-09
0.32449438202247194,4.678461853906003e-09
0.3246292134831461,6.002753580477572e-09
0.3247640449438203,6.445822625192863e-09
0.3248988764044944,6.9215950244192185e-09
0.32503370786516855,7.172492504947554e-09
0.3251685393258427,7.43248464436786e-09
0.32530337078651683,7.70190111047986e-09
0.325438202247191,7.981083521048576e-09
0.32557303370786517,8.270385876972717e-09
0.32570786516853933,8.57017501115479e-09
0.3258426966292135,8.076375354540825e-09
0.32597752808988767,9.094166194309798e-09
0.32611235955056184,9.42381613447655e-09
0.326247191011236,9.312626067332974e-09
0.3263820224719101,9.202747913628177e-09
0.3265168539325843,9.202747913628177e-09
0.32665168539325845,9.094166194309798e-09
0.32678651685393256,8.986865612960297e-09
0.32692134831460673,8.880831053642057e-09
0.3270561797752809,8.776047578767939e-09
0.32719101123595506,8.672500426996962e-09
0.32732584269662923,8.880831053642057e-09
0.3274606741573034,8.369131897087238e-09
0.32759550561797757,8.672500426996962e-09
0.32773033707865173,9.765415392560973e-09
0.32786516853932585,1.0119397113488333e-08
0.328,1.0486210143040429e-08
0.3281348314606742,9.882011633549604e-09
0.3282696629213483,1.1127350102552579e-08
0.32840449438202246,1.1260207450854466e-08
0.32853932584269663,1.1127350102552579e-08
0.3286741573033708,1.0996060316400397e-08
0.32880898876404496,1.0866319596988188e-08
0.32894382022471913,1.061141246529154e-08
0.3290786516853933,1.0486210143040429e-08
0.32921348314606746,1.0362485062537138e-08
0.3293483146067416,9.765415392560973e-09
0.32948314606741574,1.0119397113488333e-08
0.3296179775280899,1e-08
0.329752808988764,1e-08
0.3298876404494382,1e-08
0.33002247191011236,1e-08
0.3301573033707865,1.0119397113488333e-08
0.3302921348314607,1.0119397113488333e-08
0.33042696629213486,9.882011633549604e-09
0.33056179775280903,1.0119397113488333e-08
0.3306966292134832,1.02402197940476e-08
0.3308314606741573,1.02402197940476e-08
0.3309662921348315,1.0362485062537138e-08
0.33110112359550564,1.0362485062537138e-08
0.33123595505617975,1.0362485062537138e-08
0.3313707865168539,1.0486210143040429e-08
0.3315056179775281,1.0486210143040429e-08
0.33164044943820226,1.02402197940476e-08
0.3317752808988764,1.061141246529154e-08
0.3319101123595506,1.061141246529154e-08
0.33204494382022476,1.0738109667130533e-08
0.3321797752808989,1.0738109667130533e-08
0.33231460674157304,1.0866319596988188e-08
0.3324494382022472,1.0866319596988188e-08
0.3325842696629214,1.0996060316400397e-08
0.3327191011235955,1.0738109667130533e-08
0.33285393258426965,1.1127350102552579e-08
0.3329887640449438,1.1127350102552579e-08
0.333123595505618,1.0119397113488333e-08
0.33325842696629215,1.0738109667130533e-08
0.3333932584269663,1.0362485062537138e-08
0.3335280898876405,1e-08
0.33366292134831466,8.672500426996962e-09
0.33379775280898877,9.202747913628177e-09
0.33393258426966294,8.880831053642057e-09
0.3340674157303371,8.57017501115479e-09
0.3342022471910112,8.172804945018875e-09
0.3343370786516854,7.886916020333307e-09
0.33447191011235955,7.793859586576248e-09
0.3346067415730337,7.70190111047986e-09
0.3347415730337079,7.61102763742106e-09
0.33487640449438205,7.172492504947554e-09
0.3350112359550562,7.3447899721821995e-09
0.3351460674157304,7.2581299951082975e-09
0.3352808988764045,7.172492504947554e-09
0.33541573033707867,7.087865437543907e-09
0.33555056179775283,7.172492504947554e-09
0.33568539325842695,7.2581299951082975e-09
0.3358202247191011,7.2581299951082975e-09
0.3359550561797753,7.3447899721821995e-09
0.33608988764044945,7.43248464436786e-09
0.3362247191011236,7.43248464436786e-09
0.3363595505617978,7.2581299951082975e-09
0.33649438202247195,7.087865437543907e-09
0.3366292134831461,7.61102763742106e-09
0.33676404494382023,7.3447899721821995e-09
0.3368988764044944,6.9215950244192185e-09
0.33703370786516856,6.445822625192863e-09
0.3371685393258427,6.07442472552665e-09
0.33730337078651684,5.6568846042991424e-09
0.337438202247191,4.461537381082375e-09
0.3375730337078652,4.964508843492892e-09
0.33770786516853935,4.623261446741698e-09
0.3378426966292135,3.915466433083047e-09
0.3379775280898877,4.154862931544821e-09
0.33811235955056185,4.009523687098597e-09
0.33824719101123596,3.5607902470698613e-09
0.3383820224719101,3.436231970980561e-09
0.3385168539325843,3.646327477049644e-09
0.3386516853932584,3.518777064617434e-09
0.3387865168539326,3.3956884312804993e-09
0.33892134831460674,2.910164413942754e-09
0.3390561797752809,3.200034342635654e-09
0.3391910112359551,3.0156535269008936e-09
0.33932584269662924,2.8418964362799758e-09
0.3394606741573034,2.6465518833161582e-09
0.3395955056179776,2.4940618338724114e-09
0.3397303370786517,2.32262652476605e-09
0.33986516853932586,1.8318360347428434e-09
0.34,2.038348088905529e-09
0.34013483146067414,1.8982373547039977e-09
0.3402696629213483,1.7888639810325622e-09
0.34040449438202247,1.551392363934438e-09
0.34053932584269664,1.4971238603210016e-09
0.3406741573033708,1.588659879349573e-09
0.340808988764045,1.5330877388600076e-09
0.34094382022471914,1.4794595404556892e-09
0.3410786516853933,1.4277072840416275e-09
0.3412134831460674,1.3777653482012114e-09
0.3413483146067416,1.2381792030477688e-09
0.34148314606741575,1.2830613496326695e-09
0.34161797752808987,1.2529627053302927e-09
0.34175280898876403,1.1807690158388953e-09
0.3418876404494382,1.223570128893728e-09
0.34202247191011237,1.1948670570576625e-09
0.34215730337078654,1.1807690158388953e-09
0.3422921348314607,1.1668373151054928e-09
0.34242696629213487,1.1530699922332218e-09
0.34256179775280904,1.0866319596988232e-09
0.34269662921348315,1.1260207450854466e-09
0.3428314606741573,1.1260207450854466e-09
0.3429662921348315,1.0996060316400396e-09
0.3431011235955056,1.1394651077545698e-09
0.34323595505617976,1.1394651077545698e-09
0.34337078651685393,1.1127350102552623e-09
0.3435056179775281,1.1530699922332218e-09
0.34364044943820227,1.1530699922332218e-09
0.34377528089887643,1.1530699922332218e-09
0.3439101123595506,1.1530699922332218e-09
0.34404494382022477,1.1394651077545698e-09
0.3441797752808989,1.1260207450854466e-09
0.34431460674157305,1.1127350102552623e-09
0.3444494382022472,1.0611412465291583e-09
0.3445842696629213,1.0866319596988232e-09
0.3447191011235955,1.0738109667130533e-09
0.34485393258426966,1.0611412465291583e-09
0.34498876404494383,1.0611412465291583e-09
0.345123595505618,9.202747913628176e-10
0.34525842696629216,1.0119397113488332e-09
0.34539325842696633,9.53633377892668e-10
0.3455280898876405,7.793859586576249e-10
0.3456629213483146,7.3447899721822e-10
0.3457977528089888,8.076375354540825e-10
0.34593258426966295,7.61102763742106e-10
0.34606741573033706,7.172492504947553e-10
0.3462022471910112,5.861938221254594e-10
0.3463370786516854,6.679474066932496e-10
0.34647191011235956,6.839928255402978e-10
0.3466067415730337,7.172492504947553e-10
0.3467415730337079,7.43248464436786e-10
0.34687640449438206,7.793859586576249e-10
0.34701123595505623,7.258129995108297e-10
0.34714606741573034,8.469056916178774e-10
0.3472808988764045,7.886916020333307e-10
0.3474157303370787,9.42381613447655e-10
0.3475505617977528,1.0362485062537139e-09
0.34768539325842696,1.1394651077545698e-09
0.3478202247191011,1.2529627053302927e-09
0.3479550561797753,1.3777653482012114e-09
0.34808988764044946,1.1807690158388953e-09
0.3482247191011236,1.2983807317901226e-09
0.3483595505617978,1.8537076282360568e-09
0.34849438202247196,2.038348088905529e-09
0.34862921348314607,2.2413798531424673e-09
0.34876404494382024,2.3503580150429006e-09
0.3488988764044944,2.1122351623534662e-09
0.3490337078651685,2.5539741358798926e-09
0.3491685393258427,2.3784206113089295e-09
0.34930337078651685,2.7424854358093223e-09
0.349438202247191,2.8418964362799758e-09
0.3495730337078652,2.980072323558953e-09
0.34970786516853936,3.088095493815999e-09
0.3498426966292135,3.200034342635654e-09
0.3499775280898877,3.3956884312804993e-09
0.3501123595505618,3.6898635746089365e-09
0.35024719101123597,3.96221597209012e-09
0.35038202247191014,4.2546709633159924e-09
0.35051685393258425,4.568712340164303e-09
0.3506516853932584,4.057396242568881e-09
0.3507865168539326,4.3568765815708e-09
0.35092134831460675,5.724426173608133e-09
0.3510561797752809,6.146951603359654e-09
0.3511910112359551,6.679474066932497e-09
0.35132584269662925,7.52122636562625e-09
0.3514606741573034,6.294613548177616e-09
0.35159550561797753,9.53633377892668e-09
0.3517303370786517,1.0738109667130533e-08
0.35186516853932587,1.2091334248191559e-08
0.352,1.3615093199225866e-08
0.35213483146067415,1.533087738860011e-08
0.3522696629213483,1.7262885979925154e-08
0.3524044943820225,1.9438367733440435e-08
0.35253932584269665,2.32262652476605e-08
0.3526741573033708,3.5607902470698616e-08
0.352808988764045,5.524182798876404e-08
0.35294382022471915,8.469056916178774e-08
0.35307865168539326,1.2983807317901253e-07
0.35321348314606743,2.014297952778804e-07
0.3533483146067416,3.088095493815999e-07
0.3534831460674157,4.734321337998158e-07
0.3536179775280899,7.258129995108297e-07
0.35375280898876404,1.1260207450854466e-06
0.3538876404494382,2.1629752319215315e-06
0.3540224719101124,8.570175011154789e-07
0.35415730337078655,1.3138830229485863e-06
0.3542921348314607,3.689863574608944e-06
